 191
 287
 115
 382
 382
 414
 414
 151
 151
 119
  46
  54
  55
  55
  31
  55
  55
  55
  55
  55
  55
  54
  55
 155
  61
  61
  62
  63
  63
  62
  62
  63
 191
  51
 115
 414
 414
 414
 415
 151
 110
  13
  13
  87
  55
  55
  55
  60
  31
  31
   4
   4
  26
  54
  54
 187
  61
  61
 189
 158
 223
 223
  62
  63
 159
 255
 115
   4
   6
   6
  12
  12
   6
  13
  13
  86
  54
  55
  91
  29
  30
  31
  31
   4
   5
 119
  54
 154
 316
  61
 158
 158
 159
 287
 287
 158
 127
 287
  19
  20
   5
 355
 163
 164
 165
  13
  86
  86
  54
  55
  90
  29
  92
  31
   4
   4
   5
 148
  13
 186
 349
 349
 317
 158
 159
 319
 319
 158
 222
 255
  19
  20
  58
 355
  28
 197
 230
   5
  86
  86
  87
  55
  47
   1
   2
  51
 115
  53
   5
 148
  13
  55
  28
  61
 317
 317
 318
 319
 157
  62
 222
 223
 255
  20
  58
  16
  28
  19
  20
   5
  86
 149
 117
  54
 219
 113
 114
 382
 115
 119
 148
 119
  13
  28
  28
  60
 155
  61
 350
 124
  62
  62
 222
 223
 255
  52
  58
  16
  50
  82
 115
 147
 117
 150
 149
 152
 251
 380
 146
  53
  53
 119
   6
  13
  46
  29
  28
  92
 124
  61
 124
 124
  62
  62
 286
 255
 287
  52
  58
 349
  82
 114
 147
 148
 149
 150
   8
 184
 251
 380
 146
  53
 148
  45
  13
  46
  28
  29
  60
  92
 124
 124
  92
  93
  93
 189
 318
 319
 319
  52
  52
 349
 382
 115
 147
   6
   7
  71
   8
 207
 250
 412
 413
 446
 180
 142
  13
  46
  54
 187
  92
  92
 124
  62
  61
  62
  62
 190
 318
 319
 319
 115
 116
 381
 413
  85
   6
  12
   7
 166
   8
 207
 250
 240
 445
 446
 180
 142
  13
  46
  54
 154
 382
 382
 155
  91
  61
  93
  94
 190
 350
 350
  83
 115
 116
 413
 117
 148
   6
  12
   7
 166
 167
 269
 240
 240
 445
 244
  42
 314
  77
 240
 118
 153
 381
 382
 382
 382
 187
 220
 189
 222
 316
   2
 114
 147
 116
 240
 117
  13
  12
  12
   6
  40
 167
 298
 269
 247
  72
 244
 313
 506
 475
  13
 118
 413
 413
 413
 240
 382
 154
 252
 253
 158
 251
  28
   3
 147
   5
  12
  44
  13
  12
   6
   6
   6
 166
  12
 166
 167
 167
 473
 346
 506
 506
 165
 165
   6
   6
   7
 240
 208
 251
 317
 285
 190
 315
  28
 357
 147
  37
  44
 314
  46
  28
  26
   5
   5
 165
   6
 166
 167
 167
 473
 346
 354
  28
  31
  26
 165
   6
   8
  12
 120
  15
 316
 189
 189
 315
 380
 178
 147
  38
  44
 314
  15
  28
  25
   4
  26
   6
   6
   6
 167
 298
 473
 355
  28
  28
  63
  31
 165
   5
   8
  12
  15
  15
  28
 189
 189
 347
 412
 413
 179
  38
 314
 347
  15
  29
  60
   4
  21
   6
   7
   8
  38
 504
 473
  15
  28
  61
  63
  19
   4
   5
   6
  12
  15
  15
  28
 189
 189
