   1395
    941
    837
    872
   1191
    474
   4031
    387
    151
    555
    556
   2481
   1237
    922
   1519
   1064
    706
    459
    645
    573
    482
    501
    691
    481
   1131
   5795
  65497
  53682
  32680
  19548
  20257
  13219
 311626
    506
    582
    622
 313194
    825
   2278
    272
   1376
    660
   1342
   2794
  43810
 284018
 276979
    604
    632
   2091
   1879
   1948
   1604
   1182
   9110
  37522
  10111
  41804
  30483
  14231
   1525
    948
    276
   1587
   1010
  14415
   5347
  43558
  38571
 359486
  15686
  29490
  13219
   1693
 431753
  55655
 353223
  12902
 378108
  28254
   1203
   1768
   2535
 117901
 161313
  37132
   1695
   2666
   1027
   4910
   3046
   2171
    906
 309551
  73363
  13559
 349950
  74916
  18018
   7043
  60814
  46393
 138775
  24049
  12003
   2459
   6297
   2199
   5710
 332583
 107717
  26334
   2569
   2126
   1302
   3729
  11787
 374848
  18939
  77886
  65047
 365439
  79101
  72402
 111341
  59199
  27347
 418606
 488466
  49674
  38146
   1699
  25000
  24974
 301075
   2674
   2027
   4439
   2533
  97447
  89054
  99057
  40458
  29784
   6485
  99411
   6778
  53386
 290045
   9223
   3816
  88287
  87191
 402146
  25603
  13336
   2346
  26374
 433162
   1152
 384994
  14130
 212495
  24961
  91289
   9755
   2767
  57062
  25839
   7030
  19898
  12211
    810
   1402
   3259
   1667
  87625
   3814
   4725
   9804
  18843
   9788
  40931
   2880
 178813
   2659
   1842
   1766
   1159
   3942
   1389
   1699
 313296
  10326
  13919
  15118
  11413
   8877
   4104
  30165
   1942
    474
  44064
 652575
 403714
  16630
   5832
   7411
   3791
 562326
    929
 273002
   1445
   2307
   1219
  19474
   1735
   1725
 497622
  67200
   4979
  10123
  15674
   3594
   9874
 309323
  43836
  12411
   8587
 285265
  32609
   3455
 358929
 417828
    855
   1156
  26238
   2243
 351033
  10892
    405
   2704
 121142
 130240
  26132
  24626
  65488
 363036
 405343
 442786
  59379
  17110
    570
   6241
   6123
   3378
   2910
    533
 283774
    834
   1118
    457
  14867
  15609
 273879
    394
    257
    589
 280334
  37824
  10415
   7345
 479220
  16380
  24339
   4814
  15781
   1146
 318657
  35390
   6567
   5352
   3583
 328646
  54869
   3528
    295
     98
   2878
   8029
   9024
  19576
    179
    158
  17965
    181
   8374
   2656
  15987
  29410
  18952
   6071
  31823
  11779
   8358
   1213
   4389
 368374
   2494
   4365
  10900
 313741
    617
   2951
  39845
    714
   5330
    741
    547
   2186
    693
   3583
  14956
   2295
   9218
  11947
  20310
   8903
  26684
   6122
   5983
 286928
   2041
   2247
   4281
   1486
   1686
 307111
   2085
    963
   3526
    963
    927
   6976
    423
    253
    149
    259
    557
    946
  13095
  12546
  23658
  13083
  28946
   9966
   4146
   6798
   2363
   2515
  19966
   5638
   2668
   2608
  16643
    674
    969
    985
    841
    732
    770
   1809
   1350
    859
    859
   1469
  22394
   4764
 323278
  36675
  23799
   8736
  14609
  24250
  10264
 271482
  16339
   6979
   2058
   1838
    613
    603
    819
   1021
    639
    458
    482
    385
    336
    691
  17426
   8350
    861
 336460
 311260
   7408
  11926
  15024
  19556
  16817
  28742
  23837
  44276
   2943
   6227
    925
    285
    316
    583
    751
   3487
  18230
    460
    418
  15066
    531
    965
    268
   3950
   5027
   6673
  13952
  14257
  12279
  12814
  19143
  16338
  25618
  25564
   5335
    338
    467
 119845
 113256
    841
   2354
  17368
    806
  13883
    518
  12590
    676
    829
   6732
  17179
   2623
   2804
   3075
  10830
   8196
  35312
 107797
   6304
  30730
  15533
   5472
 288938
  45744
   6550
   4234
   3516
 120766
   2667
   6514
  19090
  17195
    463
    305
    302
    207
   3347
   1402
    358
   3572
  37437
   8032
  27413
  33325
   9907
  26335
  35840
   2790
 385797
 403987
